list(alpha=0.00000E+00, beta=0.00000E+00, alpha1=0.00000E+00, alpha2=0.00000E+00, alpha3=0.00000E+00, is2.alpha1=1.00000E+00, is2.alpha2=1.00000E+00, is2.alpha3=1.00000E+00, is2=1.00000E-02)
