list(alpha1=0.00000E+00, alpha2=0.00000E+00, alpha3=0.00000E+00, beta1=0.00000E+00, beta2=0.00000E+00, beta3=0.00000E+00, is2.1=1.00000E+00, is2.2=1.00000E+00, is2.3=1.00000E+00)
