list(alpha1=3.00000E+00, alpha2=3.00000E+00, alpha3=3.00000E+00, beta1=3.00000E+00, beta2=3.00000E+00, beta3=3.00000E+00, is2.1=1.00000E-01, is2.2=1.00000E-01, is2.3=1.00000E-01)
