list(alpha=3.00000E+00, beta1=3.00000E+00, beta2=3.00000E+00, is.2=1.00000E-01)
