list(y1=c(4.35671E+00, 6.14204E+00, 4.18965E+00, 5.49306E+00, 4.61512E+00, 5.33272E+00, 5.20949E+00), y2=c(5.24702E+00, 5.44242E+00, 5.77144E+00, 6.29527E+00, 5.60212E+00, 5.04986E+00, 5.17048E+00, 5.82895E+00, 5.47646E+00, 5.52146E+00, 5.77765E+00, 6.19032E+00, 5.37528E+00), y3=c(6.08904E+00, 5.09375E+00, 5.86647E+00, 6.03548E+00, 5.31321E+00, 6.07764E+00, 5.58350E+00), x1=c(6.60000E-01, 8.24000E-01, 6.39000E-01, 6.58000E-01, 6.46000E-01, 6.84000E-01, 6.65000E-01), x2=c(6.74000E-01, 6.82000E-01, 7.25000E-01, 7.29000E-01, 7.31000E-01, 6.46000E-01, 7.49000E-01, 6.73000E-01, 7.61000E-01, 7.46000E-01, 7.07000E-01, 7.83000E-01, 6.99000E-01), x3=c(6.60000E-01, 8.24000E-01, 6.39000E-01, 6.58000E-01, 6.46000E-01, 6.84000E-01, 6.65000E-01), n1=7.00000E+00, n2=1.30000E+01, n3=7.00000E+00)
