list(alpha=3.00000E+00, beta=3.00000E+00, alpha1=3.00000E+00, alpha2=3.00000E+00, alpha3=3.00000E+00, beta1=3.00000E+00, beta2=3.00000E+00, beta3=3.00000E+00, is2.alpha1=1.00000E-01, is2.alpha2=1.00000E-01, is2.alpha3=1.00000E-01, is2.beta1=1.00000E-01, is2.beta2=1.00000E-01, is2.beta3=1.00000E-01, is2=1.00000E-02)
