list(y=c(4.27667E+00, 4.86753E+00, 4.40672E+00, 4.40672E+00, 6.57368E+00, 4.36945E+00, 4.77068E+00, 4.29046E+00, 4.47734E+00, 4.20469E+00, 3.85015E+00, 4.62497E+00, 3.93183E+00, 5.40717E+00, 4.58497E+00, 4.58497E+00, 4.68213E+00, 4.80402E+00, 4.06044E+00, 4.18965E+00, 4.66344E+00, 4.99043E+00, 5.03695E+00, 4.70953E+00, 4.09434E+00, 5.47227E+00, 5.79606E+00, 5.37990E+00, 5.23111E+00, 5.58350E+00, 5.22575E+00, 4.68213E+00, 5.71703E+00, 4.99043E+00, 5.63835E+00, 5.33754E+00, 5.81413E+00, 5.04343E+00, 6.16331E+00, 5.01728E+00, 4.88280E+00, 5.30827E+00, 5.63835E+00, 6.01859E+00, 5.08140E+00, 5.74939E+00, 5.18739E+00, 5.68698E+00, 5.34711E+00, 6.56386E+00, 4.88280E+00, 5.64897E+00, 6.02345E+00, 4.55388E+00, 4.95583E+00, 5.61313E+00, 5.41610E+00, 5.30827E+00, 5.72031E+00, 6.16542E+00, 4.80402E+00, 4.34381E+00, 5.09987E+00, 5.15906E+00, 5.98645E+00, 5.29330E+00, 4.79579E+00, 5.06260E+00, 5.02388E+00, 5.50126E+00, 5.00395E+00, 5.22575E+00, 5.48064E+00, 5.72685E+00, 5.65948E+00, 5.41165E+00, 4.07754E+00, 5.32301E+00, 4.38203E+00, 4.77068E+00, 5.27811E+00, 4.94164E+00, 5.23644E+00, 6.04501E+00, 5.02388E+00, 4.70953E+00, 5.68358E+00, 4.06044E+00, 4.70048E+00, 5.56068E+00, 4.97673E+00, 5.58725E+00, 4.38203E+00, 4.65396E+00, 5.19850E+00, 5.25227E+00, 3.21888E+00, 5.03044E+00, 5.39363E+00, 5.03044E+00, 4.86753E+00, 3.40120E+00, 4.90527E+00, 4.66344E+00, 3.98898E+00, 4.23411E+00, 3.43399E+00, 4.77912E+00, 3.73767E+00, 4.85203E+00, 3.87120E+00, 3.66356E+00, 4.79579E+00, 5.64897E+00, 4.65396E+00, 6.19848E+00, 4.77912E+00, 3.46574E+00, 4.00733E+00, 4.46591E+00, 3.87120E+00, 2.77259E+00, 4.35671E+00, 3.80666E+00, 4.79579E+00, 4.15888E+00, 4.57471E+00, 4.31749E+00, 4.02535E+00, 4.15888E+00, 4.56435E+00, 4.33073E+00, 4.41884E+00, 3.52636E+00, 4.02535E+00, 4.91265E+00, 4.33073E+00, 3.82864E+00, 3.58352E+00, 4.17439E+00, 3.21888E+00, 4.27667E+00, 3.33220E+00, 3.95124E+00, 3.71357E+00, 2.94444E+00, 3.49651E+00, 3.73767E+00), x1=c(9.44000E-01, 9.33000E-01, 9.17000E-01, 9.15000E-01, 9.14000E-01, 9.11000E-01, 9.02000E-01, 9.00000E-01, 8.99000E-01, 8.98000E-01, 8.95000E-01, 8.92000E-01, 8.90000E-01, 8.88000E-01, 8.84000E-01, 8.81000E-01, 8.81000E-01, 8.81000E-01, 8.79000E-01, 8.74000E-01, 8.72000E-01, 8.69000E-01, 8.61000E-01, 8.53000E-01, 8.51000E-01, 8.40000E-01, 8.34000E-01, 8.34000E-01, 8.30000E-01, 8.22000E-01, 8.18000E-01, 8.12000E-01, 8.10000E-01, 8.08000E-01, 7.90000E-01, 7.89000E-01, 7.86000E-01, 7.85000E-01, 7.78000E-01, 7.77000E-01, 7.73000E-01, 7.71000E-01, 7.66000E-01, 7.65000E-01, 7.64000E-01, 7.63000E-01, 7.59000E-01, 7.57000E-01, 7.56000E-01, 7.56000E-01, 7.50000E-01, 7.49000E-01, 7.47000E-01, 7.45000E-01, 7.45000E-01, 7.44000E-01, 7.44000E-01, 7.37000E-01, 7.34000E-01, 7.32000E-01, 7.32000E-01, 7.31000E-01, 7.30000E-01, 7.24000E-01, 7.22000E-01, 7.21000E-01, 7.19000E-01, 7.16000E-01, 7.15000E-01, 7.11000E-01, 7.11000E-01, 7.05000E-01, 7.00000E-01, 6.98000E-01, 6.98000E-01, 6.98000E-01, 6.84000E-01, 6.83000E-01, 6.82000E-01, 6.76000E-01, 6.74000E-01, 6.67000E-01, 6.63000E-01, 6.62000E-01, 6.61000E-01, 6.60000E-01, 6.58000E-01, 6.58000E-01, 6.42000E-01, 6.38000E-01, 6.38000E-01, 6.36000E-01, 6.30000E-01, 6.28000E-01, 6.28000E-01, 6.24000E-01, 6.20000E-01, 6.17000E-01, 6.17000E-01, 6.14000E-01, 6.07000E-01, 5.86000E-01, 5.84000E-01, 5.84000E-01, 5.73000E-01, 5.69000E-01, 5.64000E-01, 5.61000E-01, 5.58000E-01, 5.58000E-01, 5.40000E-01, 5.37000E-01, 5.35000E-01, 5.30000E-01, 5.26000E-01, 5.06000E-01, 5.04000E-01, 5.04000E-01, 5.00000E-01, 4.98000E-01, 4.91000E-01, 4.88000E-01, 4.88000E-01, 4.87000E-01, 4.86000E-01, 4.85000E-01, 4.84000E-01, 4.76000E-01, 4.73000E-01, 4.73000E-01, 4.71000E-01, 4.68000E-01, 4.67000E-01, 4.52000E-01, 4.41000E-01, 4.35000E-01, 4.14000E-01, 4.12000E-01, 4.07000E-01, 3.93000E-01, 3.92000E-01, 3.89000E-01, 3.88000E-01, 3.74000E-01, 3.72000E-01, 3.41000E-01, 3.38000E-01, 3.37000E-01), x2=c(2.58000E-01, 3.40000E-01, 3.37000E-01, 3.09000E-01, 4.08000E-01, 2.83000E-01, 3.26000E-01, 2.69000E-01, 3.43000E-01, 2.50000E-01, 3.21000E-01, 3.60000E-01, 3.21000E-01, 3.92000E-01, 3.17000E-01, 2.92000E-01, 3.30000E-01, 3.08000E-01, 2.69000E-01, 3.12000E-01, 3.60000E-01, 3.47000E-01, 2.64000E-01, 3.43000E-01, 4.11000E-01, 3.60000E-01, 3.76000E-01, 3.27000E-01, 2.60000E-01, 5.21000E-01, 3.12000E-01, 3.37000E-01, 3.48000E-01, 4.45000E-01, 4.53000E-01, 2.86000E-01, 2.65000E-01, 2.74000E-01, 4.01000E-01, 2.82000E-01, 4.62000E-01, 3.59000E-01, 4.03000E-01, 5.19000E-01, 4.48000E-01, 5.07000E-01, 4.00000E-01, 2.90000E-01, 4.72000E-01, 6.58000E-01, 3.64000E-01, 3.83000E-01, 3.37000E-01, 3.54000E-01, 2.96000E-01, 5.47000E-01, 4.21000E-01, 4.81000E-01, 2.56000E-01, 5.31000E-01, 4.36000E-01, 3.62000E-01, 3.13000E-01, 4.28000E-01, 3.94000E-01, 3.61000E-01, 4.21000E-01, 3.45000E-01, 4.55000E-01, 5.59000E-01, 4.93000E-01, 5.29000E-01, 4.72000E-01, 3.74000E-01, 3.65000E-01, 4.08000E-01, 3.81000E-01, 6.05000E-01, 3.08000E-01, 5.24000E-01, 4.15000E-01, 5.63000E-01, 3.30000E-01, 4.83000E-01, 3.67000E-01, 4.30000E-01, 6.31000E-01, 3.58000E-01, 3.09000E-01, 4.45000E-01, 3.56000E-01, 5.05000E-01, 6.11000E-01, 5.59000E-01, 3.34000E-01, 6.39000E-01, 3.04000E-01, 5.70000E-01, 4.09000E-01, 4.05000E-01, 3.08000E-01, 3.39000E-01, 3.81000E-01, 3.60000E-01, 4.28000E-01, 3.67000E-01, 4.73000E-01, 5.75000E-01, 3.21000E-01, 5.08000E-01, 3.28000E-01, 3.00000E-01, 4.77000E-01, 5.15000E-01, 4.27000E-01, 5.08000E-01, 3.89000E-01, 4.88000E-01, 3.77000E-01, 4.41000E-01, 3.08000E-01, 6.43000E-01, 3.76000E-01, 4.05000E-01, 5.25000E-01, 4.03000E-01, 4.43000E-01, 3.86000E-01, 3.53000E-01, 3.93000E-01, 5.92000E-01, 2.78000E-01, 4.00000E-01, 4.15000E-01, 4.73000E-01, 3.36000E-01, 4.39000E-01, 3.82000E-01, 3.30000E-01, 4.57000E-01, 3.94000E-01, 3.33000E-01, 3.98000E-01, 3.54000E-01, 3.98000E-01, 5.63000E-01, 4.44000E-01, 3.46000E-01), n=1.48000E+02)
