list(alpha=0.00000E+00, beta=0.00000E+00, beta1=0.00000E+00, beta2=0.00000E+00, beta3=0.00000E+00, is2.beta1=1.00000E+00, is2.beta2=1.00000E+00, is2.beta3=1.00000E+00, is2=1.00000E-02)
