list(alpha=0.00000E+00, beta1=0.00000E+00, beta2=0.00000E+00, is.2=1.00000E-02)
